G,867.348,5.0,6.2,0.0,90.0,512165.0
S,1029.74,8.0,4.0,3.0,98.0,190.0
G,768.409,5.0,6.4,0.0,54.0,503322.0
S,853.327,9.0,3.0,3.0,95.0,200.0
G,848.984,6.0,5.33333,1.0,59.0,512093.0
S,904.827,9.0,3.0,2.0,75.0,205.0
G,829.873,5.0,6.6,0.0,40.0,516764.0
S,1063.86,10.0,3.0,2.0,85.0,247.0
G,913.088,5.0,7.0,0.0,58.0,548486.0
S,1299.71,9.0,4.0,5.0,58.0,285.0
G,826.279,5.0,7.2,1.0,93.0,586762.0
S,1011.13,11.0,3.0,5.0,93.0,308.0
G,1079.24,6.0,6.0,0.0,30.0,558778.0
S,1270.86,10.0,3.0,4.0,68.0,426.0
G,891.441,6.0,6.16667,0.0,119.0,579419.0
S,1184.57,11.0,3.0,4.0,67.0,363.0
G,1011.25,6.0,6.33333,0.0,125.0,616582.0
S,1226.44,9.0,4.0,3.0,82.0,418.0
G,957.508,6.0,6.33333,1.0,74.0,568779.0
S,1391.66,12.0,3.0,3.0,93.0,435.0
G,1243.36,7.0,6.14286,0.0,130.0,653089.0
S,1356.98,11.0,4.0,4.0,58.0,614.0
G,1235.91,7.0,6.28571,0.0,107.0,635964.0
S,1427.85,12.0,3.0,4.0,64.0,647.0
G,1564.62,7.0,6.28571,0.0,66.0,644173.0
S,1734.73,13.0,3.0,6.0,72.0,958.0
G,1186.08,7.0,6.42857,1.0,97.0,655880.0
S,1316.35,13.0,3.0,5.0,78.0,783.0
G,1309.3,7.0,6.71429,0.0,74.0,684990.0
S,1778.69,14.0,3.0,5.0,91.0,1142.0
G,1406.65,8.0,6.5,0.0,136.0,739903.0
S,1670.78,16.0,3.0,7.0,100.0,1374.0
G,1745.72,7.0,7.57143,0.0,31.0,730260.0
S,2010.56,16.0,3.0,6.0,85.0,1803.0
G,1413.4,9.0,6.0,0.0,61.0,728839.0
S,1686.17,17.0,3.0,8.0,56.0,1285.0
G,2009.01,10.0,5.9,0.0,171.0,800014.0
S,2168.26,17.0,3.0,7.0,75.0,2760.0
G,1479.05,10.0,6.0,2.0,115.0,776355.0
S,1537.68,18.0,3.0,8.0,92.0,1904.0
G,1984.41,8.0,7.625,0.0,67.0,803162.0
S,2302.05,19.0,3.0,12.0,86.0,3366.0
G,2314.47,10.0,6.2,0.0,127.0,789427.0
S,2632.26,17.0,3.0,5.0,79.0,2964.0
G,1925.1,10.0,6.2,0.0,68.0,806645.0
S,2004.85,18.0,3.0,5.0,79.0,2923.0
G,2125.72,9.0,7.0,0.0,52.0,822721.0
S,2527.89,18.0,3.0,4.0,50.0,3608.0
G,1793.84,10.0,6.4,1.0,123.0,856384.0
S,2067.0,21.0,3.0,11.0,98.0,2582.0
G,1836.33,9.0,7.55556,0.0,55.0,879574.0
S,1857.73,19.0,3.0,5.0,38.0,2544.0
G,3000.83,10.0,7.9,0.0,58.0,967424.0
S,3251.77,21.0,3.0,8.0,91.0,7382.0
G,700.875,5.0,6.0,0.0,88.0,476708.0
S,1079.02,9.0,3.0,5.0,77.0,211.0
G,801.965,5.0,6.6,0.0,43.0,539853.0
S,1358.11,11.0,3.0,4.0,88.0,293.0
G,1044.54,5.0,6.8,0.0,63.0,544342.0
S,1936.3,12.0,2.0,5.0,58.0,305.0
G,885.623,6.0,6.16667,0.0,88.0,567310.0
S,1321.76,11.0,3.0,2.0,58.0,417.0
G,703.353,5.0,7.6,0.0,60.0,587892.0
S,1183.88,12.0,3.0,4.0,80.0,581.0
G,964.862,6.0,6.66667,0.0,33.0,575689.0
S,1262.73,11.0,3.0,3.0,68.0,552.0
G,981.243,6.0,7.0,0.0,79.0,644893.0
S,1173.12,11.0,3.0,3.0,69.0,644.0
G,1060.37,7.0,6.14286,0.0,59.0,617393.0
S,1512.63,14.0,3.0,6.0,91.0,892.0
G,890.123,5.0,8.8,0.0,14.0,644320.0
S,1272.67,13.0,3.0,6.0,96.0,567.0
G,780.557,7.0,6.28571,0.0,108.0,648633.0
S,1135.57,14.0,3.0,5.0,90.0,814.0
G,826.375,7.0,7.0,0.0,91.0,696248.0
S,1439.59,16.0,3.0,9.0,78.0,786.0
G,1521.56,8.0,6.125,1.0,65.0,693662.0
S,1843.6,14.0,3.0,8.0,61.0,1490.0
G,1143.52,8.0,6.25,0.0,116.0,712334.0
S,1960.03,16.0,3.0,6.0,72.0,792.0
G,959.554,7.0,7.28571,1.0,94.0,728412.0
S,1720.88,18.0,2.0,9.0,71.0,1470.0
G,1020.08,7.0,7.85714,0.0,84.0,769840.0
S,1630.74,18.0,3.0,9.0,95.0,1878.0
G,1672.35,8.0,7.0,0.0,103.0,774391.0
S,2617.93,20.0,2.0,10.0,83.0,2549.0
G,1905.36,9.0,6.22222,0.0,97.0,744042.0
S,2741.26,16.0,3.0,6.0,67.0,2032.0
G,2024.17,10.0,6.2,0.0,78.0,825193.0
S,2486.4,17.0,3.0,5.0,76.0,3259.0
G,1301.57,10.0,6.3,0.0,122.0,846506.0
S,1597.85,20.0,3.0,8.0,78.0,1918.0
G,1945.49,10.0,6.5,0.0,139.0,856021.0
S,2563.96,20.0,3.0,10.0,62.0,4216.0
G,1771.61,10.0,6.6,0.0,93.0,858017.0
S,1797.5,20.0,3.0,7.0,49.0,3450.0
G,2037.31,9.0,7.44444,0.0,63.0,879398.0
S,2506.61,20.0,3.0,7.0,91.0,4614.0
G,1986.25,10.0,7.7,0.0,63.0,985824.0
S,2415.82,25.0,3.0,10.0,94.0,8641.0
G,562.205,2.0,5.0,0.0,61.0,273051.0
S,601.882,4.0,2.0,2.0,75.0,9.0
G,451.335,8.0,1.875,3.0,34.0,337275.0
S,401.661,8.0,2.0,4.0,4.0,26.0
G,225.274,2.0,9.0,0.0,10.0,379949.0
S,309.874,5.0,3.0,0.0,149.0,45.0
G,231.991,2.0,9.5,0.0,10.0,401345.0
S,315.095,5.0,4.0,0.0,149.0,42.0
G,216.757,2.0,10.0,0.0,22.0,402764.0
S,331.498,5.0,4.0,1.0,138.0,48.0
G,237.497,2.0,10.5,0.0,12.0,433052.0
S,358.925,6.0,3.0,1.0,149.0,60.0
G,588.794,9.0,2.33333,2.0,4500.0,394482.0
S,584.487,9.0,2.0,5.0,500.0,70.0
G,531.174,8.0,2.75,3.0,7.0,388716.0
S,590.532,9.0,2.0,7.0,13.0,91.0
G,601.027,5.0,7.8,0.0,82.0,608552.0
S,620.369,9.0,4.0,4.0,110.0,267.0
G,654.998,5.0,8.8,0.0,58.0,659485.0
S,782.833,11.0,4.0,3.0,123.0,411.0
G,700.815,7.0,7.0,0.0,99.0,679236.0
S,798.132,14.0,3.0,7.0,139.0,619.0
G,798.663,9.0,5.44444,0.0,129.0,670902.0
S,905.303,16.0,3.0,10.0,88.0,746.0
G,921.393,11.0,4.45455,0.0,149.0,694357.0
S,940.713,17.0,2.0,9.0,81.0,780.0
G,855.892,11.0,4.54545,1.0,103.0,675972.0
S,946.692,15.0,3.0,4.0,70.0,800.0
G,847.285,7.0,7.71429,0.0,148.0,753234.0
S,883.31,15.0,3.0,7.0,140.0,924.0
G,744.762,7.0,7.71429,0.0,78.0,755242.0
S,883.31,15.0,3.0,7.0,130.0,883.0
G,919.465,11.0,4.90909,1.0,223.0,708830.0
S,945.776,17.0,3.0,9.0,90.0,1072.0
G,1197.38,17.0,3.17647,4.0,148.0,733951.0
S,1088.27,20.0,2.0,11.0,45.0,1245.0
G,1031.56,10.0,5.9,0.0,66.0,784279.0
S,1053.17,19.0,3.0,9.0,109.0,1724.0
G,1237.87,16.0,3.6875,1.0,146.0,757040.0
S,1177.58,20.0,3.0,9.0,47.0,1508.0
G,1121.85,10.0,6.4,0.0,81.0,836201.0
S,1092.03,18.0,3.0,6.0,103.0,1701.0
G,1330.41,11.0,6.27273,1.0,172.0,912491.0
S,1156.47,19.0,3.0,7.0,98.0,2209.0
G,1099.83,4.0,18.75,0.0,36.0,1057301.0
S,1245.28,20.0,3.0,8.0,294.0,3076.0
G,1103.36,5.0,15.0,0.0,36.0,1029961.0
S,1245.28,20.0,3.0,8.0,224.0,3122.0
G,1519.59,4.0,25.0,0.0,142.0,1287705.0
S,1801.13,30.0,3.0,10.0,383.0,9917.0
